spawns:
  default:
    world: 4d530142-f3f4-414e-9853-fded7966017c
    world-name: world
    x: 24.961998307314666
    y: 66.0
    z: 248.9941424255732
    yaw: 83.69085693359375
    pitch: 39.749794006347656
